10000
91179
957068
423551
663484
934759
510255
239129
408004
63818
450369
548569
861913
50649
262757
638719
238198
862703
717777
536927
19001
412337
163855
762552
333248
95843
681205
858348
216561
645113
548845
279975
252645
22265
219878
432481
957024
730133
187962
881380
310303
638332
429950
172216
688981
692707
327287
443531
71762
561416
980458
607116
973753
660665
369668
823354
756509
50873
681702
489422
212339
746899
769397
464984
769165
505627
413817
242541
235761
601779
123922
62416
240111
70224
234633
445445
279283
78272
888976
867398
639689
385787
474514
613442
46452
844182
436796
319313
411408
634850
808735
623747
381750
94484
605083
667267
600112
18900
909808
352225
620679
550082
414641
377143
136658
165626
338940
415942
760251
744268
799692
399940
130055
274206
529734
692860
634740
482883
12173
562500
634085
820909
702599
532187
915393
307682
199454
31857
842934
625615
384082
979966
692049
315076
357109
828708
480702
212401
761002
240953
956669
560694
157245
603077
351252
203332
295937
985992
686215
308110
548493
836652
645371
251092
368840
77117
75127
568294
108974
918061
193909
9409
898027
885959
840837
771488
231019
837891
983889
992021
595197
940559
69067
752442
543636
420319
472126
839573
406311
674693
664035
471156
511346
309407
238601
880186
902876
313728
448480
528202
748141
158742
53963
646169
561053
894800
934009
792072
732692
917899
300445
327889
374810
885864
596683
918446
306183
68810
274371
228846
259855
454758
216355
771201
280517
454956
651387
183393
768684
616220
711596
33177
774962
281911
679346
852367
176712
129708
160791
909404
47607
461236
753645
422417
347100
866680
857215
169635
451842
647938
398481
711698
619048
614836
482899
899566
586144
650639
599311
354828
266859
827259
388006
558173
109171
583704
410540
285883
713412
571331
711639
277371
548919
981636
216140
412371
848316
73355
582006
816511
237645
496839
528209
856694
628028
527460
272612
214172
178099
871923
85353
961310
215535
989711
519483
324706
573415
446375
126941
803180
534058
354932
596903
82977
336568
813044
495348
701236
402751
593706
517747
640397
90546
562308
13443
718574
89769
286055
932746
784220
674330
18099
745531
889865
7810
781366
730923
97578
227742
374216
417110
761800
729148
14013
361130
582068
343409
856478
799657
746161
450185
833756
902910
57083
396065
916353
775657
2186
718760
224755
786406
393090
759207
531937
799308
767017
313304
46583
380947
57398
937152
314409
335550
666300
328423
696680
764721
188184
69511
80730
934345
519696
914486
837255
93131
826903
269960
385140
829089
988720
609895
615496
898163
369102
663785
697471
652472
493441
260406
33419
550839
197558
347829
402742
380211
192604
99422
661284
380788
168933
742014
831486
204981
172852
668741
298112
999756
938702
683252
828845
443774
809500
960693
341937
178602
624479
555760
347426
634272
332519
380846
701464
530077
245027
104206
426640
953983
203628
87924
851123
888914
346290
682609
93895
519143
867703
908360
35251
322757
591612
380448
766531
917464
341142
624821
612419
481973
696933
959845
116245
29452
857043
817709
559530
618422
438267
986170
572405
641896
590447
939881
530810
936737
622490
141057
972232
6545
49417
7483
845654
157382
904284
128538
74846
245426
753359
687265
243751
450292
647111
876348
479745
20506
210410
555627
638929
648677
58149
211334
290573
164948
151215
337735
101686
290058
478793
590270
812955
528210
114106
658610
685592
18390
303500
276791
263816
573211
964056
23919
23503
127519
900267
19600
148026
110677
91579
786955
759355
666081
514641
566280
831029
182209
904016
932715
988619
899161
39338
801574
427371
153444
976536
629316
171834
280036
906107
952002
853247
386515
975921
393103
30387
392540
929055
178413
19570
536987
481720
295277
203068
512713
861557
34097
694922
281925
483165
683541
697438
522503
1468
641162
675947
494356
270478
364133
290745
692937
316135
660344
595804
808408
569799
626191
200948
498855
320956
220518
35842
319028
515795
755262
831742
893705
789359
526664
691982
272524
726558
389421
795027
244378
30583
987326
738734
817413
351459
545831
26702
667594
206176
622506
476002
775975
765050
193303
791182
86006
930173
343376
921387
962321
98638
753129
856026
887998
796145
64360
676874
522703
970133
471902
283433
716
459228
22168
334481
327040
567999
361183
994634
290527
983690
986989
582855
265092
180292
374037
351098
110465
233766
272485
589138
848756
541966
961516
736754
338112
25877
413629
377167
996010
401883
660601
513079
377463
682769
847560
704503
767120
208744
215490
574000
708786
202479
156855
973878
899123
47244
841328
525940
281010
630166
115079
129767
688484
76595
382873
26596
102472
312854
403764
614835
231089
64365
127914
608553
263486
491826
829408
546958
216922
44898
120958
442060
247377
794165
932290
662852
841410
289971
188793
122420
920137
303872
768539
124973
896819
151413
151570
515644
980619
71686
130479
211709
652403
774745
820262
432241
782923
166022
979199
999846
210921
616510
958258
974650
410675
890549
637503
768437
180520
826296
890858
617009
646520
175749
741982
543339
843514
409904
58983
824134
481590
705814
35843
133993
996911
372457
566234
779835
54831
61786
296033
265752
194648
254291
240403
605323
661192
394258
373761
358064
736906
780971
975073
899778
473072
233408
959469
316587
643312
18453
140721
641255
240619
692916
291600
753883
581725
857835
533718
636556
435973
346103
418661
630621
116746
175416
752296
777939
569674
642409
136003
822932
423380
627429
722710
896453
860837
682179
729392
20501
216984
870113
661756
973956
79381
953357
727839
177458
327544
261557
330366
763517
124012
749027
910490
240758
924443
662786
18697
10469
305196
671053
833401
244928
298482
556111
657733
675671
754643
387125
696172
971627
257238
874281
945583
852971
343990
673422
546781
671534
451331
877148
951403
91695
626175
378245
332454
550619
41031
867503
561088
862579
54908
910842
107508
353390
466953
765241
545413
221596
152367
241586
709576
925957
632219
171511
295281
976209
844934
842062
164095
812617
719210
631850
904313
345386
10095
753119
412357
51126
136974
489797
430058
191883
400639
537566
545273
383945
302807
607039
121893
971526
848625
831469
897484
997196
2981
709117
973405
364267
551179
653852
693236
270390
285702
113901
132128
295797
867020
544485
863275
3995
550634
293333
195878
951274
830899
257503
335219
650059
864542
973464
137937
229519
321286
551773
743067
324267
260890
716472
204886
812070
370324
898122
598812
172378
528376
730940
468175
395396
275425
331451
915743
826059
141136
111621
293685
488388
885477
145256
654799
266371
118721
792736
12243
440007
344510
755310
280626
605400
988135
1864
417470
874811
416338
532634
47190
944714
263574
515365
340111
55351
363168
772206
397763
20657
883828
691448
509045
285657
836705
163844
552028
471778
956580
564271
428137
301090
835934
708763
422843
824069
226979
356665
698880
643317
889300
746070
588032
152874
777788
444495
208226
657308
216701
605989
677965
616881
813789
187010
902538
166846
867206
970919
638624
823787
51542
66761
641229
887476
291876
64072
711545
518855
937090
410426
678525
826390
672848
266557
495616
450636
227404
220194
624297
444105
826183
302262
577339
156325
489273
479877
323171
356479
450796
478148
696618
18691
61261
854200
906167
869490
918272
617713
904697
371714
544491
583222
198104
217339
849779
210073
184328
593535
430267
808625
37641
772803
627239
131332
929128
632864
611209
768651
505696
578358
246799
202314
597049
824413
56514
503216
693903
491139
637281
598600
862853
698124
698175
577310
431816
64306
787383
616144
657842
734002
941121
211835
506805
568360
343167
952285
201225
954376
720937
706921
49086
484088
425587
162487
308501
998454
182056
518756
489593
819337
633709
868798
33814
331884
962460
465630
396190
266195
598126
54032
198
539247
782219
23355
623959
125386
975641
341536
596115
696578
564809
645201
697018
506749
324041
521872
505203
506097
556980
994796
841786
190689
379946
875600
38925
858759
341230
951468
124954
939356
521852
125152
994955
304072
148508
135267
429458
640501
476803
25573
853431
557965
187127
550449
64714
511168
72321
569917
17265
145654
81065
375403
336343
461011
251004
891621
319770
108586
843089
961077
564295
364941
602581
559250
669013
267441
210869
614824
907942
687673
640397
761373
761990
827524
828175
826704
855044
900496
396621
388661
562502
994038
764065
898846
971401
531421
306819
807524
640007
149908
768601
720654
31201
371182
796257
700215
638624
7126
315039
62918
211151
471788
824292
973141
815665
168819
799845
670709
585667
712818
59371
148170
706856
823436
47016
194610
871209
353835
2134
511216
20095
770735
748223
51296
658269
544480
267863
813245
551606
99254
876164
762758
87395
216808
252251
903060
385627
568449
90121
971294
281267
149492
119464
504476
489280
682832
699086
360489
553019
701220
388058
573114
988307
136281
140763
646576
197113
924978
459822
748719
24233
852338
27829
111628
69146
280081
531040
971125
848530
621161
942419
646149
287006
61884
666977
292638
261068
882415
169480
814088
99987
557538
903554
88294
210171
44317
251223
407284
969296
227397
672355
509881
79735
216537
621509
665233
496618
668901
636358
861500
290062
578777
24001
577068
157013
690979
869707
934434
573394
39187
748522
189734
113077
652076
278028
839600
212746
45603
763236
698394
273000
951943
208275
869087
168480
346136
534320
665098
15037
687030
42950
821451
782160
66952
398520
939173
274283
784579
389959
364029
340118
138481
553763
969547
306910
348144
809147
519656
393747
88735
734402
183100
40678
942677
568539
209159
805165
102860
390609
336554
306242
949912
158005
88402
16864
72877
543928
807499
373808
933887
171528
713926
72369
241644
683473
895631
589788
8972
931639
499887
97707
666041
682987
654738
125070
767879
863897
930235
870739
770858
266789
693333
720770
941146
781736
253986
14024
325664
61485
387832
259551
749366
618111
848272
991010
817936
743903
97150
826909
675542
597037
440968
857935
796377
612058
983005
564256
475955
913240
951347
763166
696381
644680
288
637528
426416
254275
167904
268432
832112
555736
44336
97830
173847
892608
605192
991784
152864
702342
335045
344758
815732
292365
202694
612109
904424
185699
692717
896731
615292
644064
659897
828025
288744
660186
981905
231513
430813
149809
16297
779277
705546
60633
393460
395745
953242
998652
903881
106106
700995
238926
967216
516727
531292
169910
645188
435716
871962
337905
332447
3606
981969
508697
347983
787065
685235
329889
534930
116048
479698
551228
411677
701596
611861
805137
97342
81455
803790
1223
703913
21137
756502
671130
54216
287794
357392
699404
239862
229354
553661
572309
749312
51982
597358
97296
839047
282593
427185
890330
914993
423235
957910
326671
124832
569771
648160
738526
167579
968302
739749
871492
989439
12603
58974
560007
300397
416367
775763
56611
162073
329424
628921
427738
381406
742631
525034
736806
25225
468571
143488
940218
408158
101398
783241
532990
187521
431402
787868
355100
399704
43970
742945
905496
56573
801919
981855
356971
734638
757619
413582
413064
603395
558855
840802
501154
301487
882188
237960
843064
867111
897800
299634
275269
999198
82876
324612
186719
30630
112480
58172
946686
156450
317469
368534
213024
635740
350390
86347
370379
624361
499929
299795
227756
575137
140597
245262
392976
539137
999574
752392
406248
897374
52026
681517
896572
134902
6129
599644
681884
118610
174168
628571
791412
491637
997105
4436
127377
863847
90783
14108
488208
107065
313903
232317
682202
970852
477579
591530
26341
477154
343922
432589
374528
395948
630459
787453
47203
152940
903449
729087
787902
77617
357658
579315
85606
871116
583751
729335
734963
674535
259796
739524
297952
90051
971841
496506
60904
965772
88036
603597
959278
948310
36187
850159
860610
182998
637612
907813
335938
57413
153253
123841
651382
510911
703156
736988
898379
803259
466323
633343
994146
726119
372867
292098
816171
861060
788604
393427
343184
392992
997024
302463
341302
549563
152622
201913
732561
306586
626078
584852
363999
779331
225045
15381
806595
928201
268721
704974
247812
735044
854669
241959
977516
227536
50409
310039
604948
355366
219818
948133
748358
733194
250596
606013
799110
919570
324278
48023
226156
950356
632875
590155
246040
374272
121888
52635
302473
390609
273961
66638
642005
128631
308597
135873
872519
875358
962264
477468
230724
698434
941953
979083
431629
192549
585096
747091
628471
425726
311466
854627
892434
460694
961134
138474
834966
83022
707461
137440
989983
981423
720430
631988
626406
29027
767862
498925
904385
246478
492745
135110
944913
434698
630545
892894
143599
731993
639985
772070
157719
951451
143049
50153
412145
104183
704980
763464
703557
412441
417256
693540
910216
137686
325529
536622
683065
609743
551900
587450
856221
44645
238912
801134
995696
385809
210380
655647
117802
850365
427718
791873
318169
87119
358379
246666
191303
63359
10130
894860
992152
427386
104753
418721
565072
430282
471695
248137
556377
23595
351940
412598
584593
107204
730085
580289
9366
940465
235936
127168
307183
180006
435394
141704
267126
793773
388370
974781
373484
914853
385993
881988
342239
490746
300709
423664
437380
772405
188153
993757
796000
540093
922708
896945
163650
652793
993586
173016
109610
229523
816536
933145
925881
251930
74849
709359
562055
463220
200492
935539
378073
586486
817528
236664
593584
634589
660328
30965
406994
848482
541074
719347
904927
463782
616292
68577
632927
609879
757945
258890
355754
574482
192035
797987
342764
266885
23699
904820
730105
224191
356711
624530
327029
690591
861194
436966
325181
37875
467931
248527
886357
9005
967874
307636
989140
100519
892566
622067
226750
650511
880957
98856
741345
72993
413195
84110
856230
436894
988930
586335
177438
861993
727217
504467
552585
588411
941433
877766
142638
925716
126293
545347
451074
610520
852984
440214
227391
745550
578633
970493
912413
975943
69349
653759
565288
998896
737869
421518
435791
243151
524205
613229
105144
251422
634048
174081
356185
91834
51847
498824
533902
694493
44171
984976
821365
897155
941542
48756
159057
36528
535601
71471
528823
604950
241582
94111
120198
495803
515629
555989
255306
556186
685570
876802
807608
835971
50884
163793
444157
619083
178969
978059
829928
223141
479388
651293
636648
937282
216401
795706
973810
752002
383529
502633
873304
141463
113096
993503
637266
628725
65844
892572
701263
267767
285726
508871
103738
336610
189017
64247
955694
367986
42306
785622
107479
521694
953268
744128
975329
169669
56186
949139
921672
956067
968125
794976
97530
81221
304831
251148
226299
370676
143720
927562
638443
429446
952786
258533
282409
141803
322780
754455
26141
881438
56429
133621
919485
9697
394101
894814
179367
966639
843953
617391
922706
812078
928719
536588
409652
233551
787736
635951
120579
931456
563513
759022
877254
516299
533907
676015
174454
856687
430470
716948
738125
486900
366921
657610
496597
761022
552424
192316
727661
912730
326059
166719
241160
254779
703307
650812
4682
491043
286763
125261
938851
366629
400635
332457
399280
934542
8473
573735
307581
438943
807035
562058
442195
173956
736021
455145
934978
804797
163813
178991
717527
489873
345710
475040
744652
565369
125852
265686
56412
928968
390947
511615
811949
791582
844072
211229
242476
852545
301316
550057
807841
108351
112115
766388
282307
848136
221533
733637
169286
385347
428980
886813
391572
291042
361853
652576
856411
4058
918262
429175
449378
309209
940790
261327
617143
784863
988908
859619
153760
290225
926028
961601
914928
554495
244342
713588
918984
465875
447225
88270
367574
392558
491435
275498
683600
369641
928074
540012
890051
846336
485539
339429
155545
426330
117108
289040
211193
106016
665011
364953
912593
107391
842907
827522
661887
87249
541110
97223
69476
504687
701845
953403
897245
193280
228901
580846
79273
156976
637210
969324
3312
122749
308753
675210
549079
942213
480602
276624
48230
145614
157930
960823
253005
517189
304697
431244
604438
845807
44819
190266
866847
746664
143669
764092
456297
888923
861290
535570
562251
498500
21247
565563
137602
846352
757125
203033
788566
237728
996010
353148
899694
153940
830323
669051
671129
135021
100296
791919
497180
661467
498537
364027
924484
642207
644472
380781
47482
505762
432703
609733
520615
970302
691648
174569
816655
448774
377602
121573
202854
889964
474721
102548
43904
305044
287951
231385
956417
388247
539656
453598
566067
38194
333977
490551
196753
978449
387684
244235
564
336739
370320
521179
307042
61968
212100
640049
27094
589702
761622
229948
996019
752695
848848
556275
574091
136800
787661
530509
41399
327317
500459
123818
881863
350788
614369
78616
329238
518405
839203
329802
855145
209523
367333
678539
271492
579433
834940
298586
685487
112914
44887
681506
865609
410087
754134
439700
546887
541795
486561
104639
385464
987020
228457
783680
854161
359179
862296
183399
877584
701500
29553
249081
911023
913238
443972
698867
9023
278912
997454
210862
391826
558693
408721
773787
968780
162855
729840
32020
221002
216401
136659
606466
719774
881468
390146
573935
240647
768795
273686
634584
470295
303239
400017
897670
732829
843990
596538
741852
639254
110344
952714
547433
669037
877787
321220
637817
40642
51060
669837
261644
783814
322848
384463
503588
204317
290961
593875
961316
59756
867561
112252
46403
687152
512270
460426
419981
872612
56964
678185
28218
683660
147251
575651
352697
25039
413224
990514
65681
980636
176704
843678
280802
499552
228141
784390
220221
519102
894617
181538
95211
762178
293790
141614
449330
322412
602040
385663
711376
175356
580200
739595
859016
727452
831598
211713
268843
244822
718580
334524
741811
411636
694554
22613
911188
922695
323356
131410
441798
217973
829300
53361
496504
639442
194975
945834
961855
313368
847850
673231
5076
428050
929178
864093
671854
760777
592158
940697
521951
827090
791574
263762
238726
486128
802728
666267
408824
642436
797677
366974
376761
143329
420335
873265
782771
131662
335452
260978
445030
183302
450562
450107
127704
379740
830552
799559
140517
422710
740256
662469
766153
48182
442583
4879
534311
761663
671146
459487
404099
985175
342813
780861
128504
763148
170478
427628
411162
505930
688606
372545
205584
655520
339004
333289
35261
169556
132848
175778
108618
389456
354599
874771
953991
797183
396003
488302
75198
67149
464141
479298
568677
806954
776511
697181
86454
463341
641161
497616
969272
846120
870161
174856
501640
209165
24497
536901
895073
673697
229032
520044
579506
583631
394815
533497
897166
307170
538151
972365
374320
2292
968015
459349
325598
260878
156530
412052
724219
314044
426020
693491
160164
296182
384700
661804
21699
409197
198706
433125
82895
427738
953169
662401
527721
864336
195898
424888
687859
250401
913605
62179
252693
881620
521528
578291
142498
194410
506695
866717
24806
932715
76561
184970
745249
461261
846775
283301
386810
561833
716426
469705
505923
185947
648458
549996
566635
360708
974884
254494
611109
404841
833025
863802
286461
870905
958445
945311
581668
465140
328381
606474
397856
404942
791445
659457
382555
154572
942758
769365
232757
659184
755423
255032
361483
920233
805028
928119
280942
296265
182613
892051
701106
15639
272206
503920
402896
747003
449231
984564
212144
777612
591039
126352
698906
382484
785809
597813
53408
728568
367179
286165
904104
638954
57549
265588
559187
862577
710059
840129
675194
892672
248533
892653
424663
520739
396573
827560
267742
362156
812124
996238
656121
403163
638942
355027
301999
424752
952841
355407
669672
836372
157924
573776
991678
215473
355716
550865
594403
65775
907347
785949
474800
155880
678602
899463
192971
591527
243375
977065
953684
571852
489656
609805
975015
128598
481184
793367
69702
950377
665126
739374
303101
823051
829503
294779
554876
701571
361997
149279
767347
269344
451581
758499
941576
130183
174314
650899
721711
417690
627964
191747
989542
633972
317904
480909
762571
315440
790628
348625
265818
455755
88000
568919
278806
433855
380051
350034
651778
742048
15666
935477
527744
467247
693976
469320
113782
868291
636571
835493
802333
780887
543592
791875
414860
861496
789136
693783
693289
579765
42408
959107
35520
646760
44378
830678
596967
940781
697064
248746
682829
712730
184223
210573
179977
878200
196245
293760
262843
832816
645605
65176
613704
705550
373403
544916
83398
678891
238699
776687
258656
281107
735794
810528
927868
296525
157558
524835
237306
854623
773581
436488
567353
474157
163413
263683
868709
876011
73795
131552
708827
235752
196728
838883
941302
86483
383799
24701
765374
138850
801388
540383
419958
53535
350911
864178
350060
24822
389013
103718
879445
678947
56558
963150
669456
219972
743185
538165
95983
816980
669717
321162
569085
382797
676398
510387
985632
576549
51440
751006
715400
852829
291389
135358
422716
158653
515888
772776
183475
421253
392846
579272
100200
449405
542422
286008
185729
285608
824173
798064
618940
10242
119226
188025
909391
311976
698413
895023
888526
749853
162382
120278
119034
453771
771988
541750
128776
287876
830878
828603
709129
740077
407875
325682
189482
950298
611690
891563
752258
435864
689627
371198
962458
325205
559224
871850
637182
773989
766873
42060
40194
929255
162338
159229
899379
934326
700979
544507
738554
48210
373111
447683
788287
780986
773365
494121
731284
385056
385684
999894
337272
591663
371093
816082
916868
930317
687932
70402
220658
971158
112462
260852
900413
791152
420081
316144
241830
637413
860652
980384
685623
233763
428068
990262
531101
717785
484383
778738
619193
870067
778632
472817
978082
149725
288900
894950
596394
976832
965353
817052
947990
594167
77905
364756
901672
497986
680900
659854
651751
57904
640239
853726
808019
584659
843988
339121
818796
328371
117859
437990
714790
896491
910807
692872
562569
199707
104175
158963
176540
585880
976016
640882
180047
570273
521990
598071
68259
719243
257926
236363
777147
414517
90089
101519
515528
934078
440640
334324
262449
74851
772314
493592
487694
683122
702816
50263
399181
806991
725579
92073
392871
701595
249308
89271
271868
771298
687342
856479
490541
461620
92842
784041
876137
699284
885560
908017
633362
842552
242342
412163
917403
531008
905755
405097
730482
608572
971713
129664
931915
697292
221737
324787
915239
987397
414058
703459
758696
617752
76290
249237
595725
685485
33278
471862
384769
918838
896232
534483
761390
138574
946646
195145
669582
368754
116595
916417
493678
88308
46081
425593
301952
784170
266732
733543
771568
680790
437002
530264
814895
29644
295853
410620
231481
329132
398834
616250
764322
295066
150733
42065
949992
613732
237210
135927
982486
870157
52344
476164
474817
98425
418109
776769
398947
684842
510312
686867
881984
463666
733483
696879
9663
29337
623851
241144
874821
22686
373747
155495
834104
524480
197560
784097
654564
951123
920024
637050
821280
488720
629566
296098
103497
47676
589219
502444
732518
615884
705664
614502
595902
439147
827734
605565
468484
451585
846710
859657
990623
220457
15153
824728
261289
212713
125177
915854
680188
561553
69256
17821
50273
698823
313919
153770
746499
419490
172566
479017
35374
878230
609871
631277
317378
437605
236842
302214
889191
599904
161872
396166
336713
177025
220894
598003
906090
346071
30209
102631
907624
99465
120452
957897
798288
950723
628019
544787
370213
800586
540156
405588
678816
150028
553217
512546
103985
790059
331113
509528
906316
492985
905695
243029
186362
642941
357384
608804
989013
387593
227787
412989
487059
348239
370887
801699
815314
515258
862839
185528
315844
402995
107468
511013
69375
660685
539911
689713
967096
871024
199241
873412
880361
621288
632794
583075
264230
990178
708232
769595
894124
936019
182584
897535
284259
69823
699234
99573
585082
562073
801453
417278
481421
425273
444643
67148
85958
984555
756861
569407
371931
472455
442819
252293
93743
591965
351720
874325
582144
59952
643920
476268
995972
342857
373803
796583
412680
589389
412508
514114
151463
213962
447745
149236
639235
892388
216384
241546
393295
973246
810953
765227
962053
770124
533872
572148
878442
401944
446474
460586
461897
606746
453206
457869
465955
343361
254452
878636
932750
183312
909102
600565
913626
356847
266153
69214
765588
482538
310760
158883
972136
638065
440462
934189
924541
490686
22689
802983
892631
985515
779921
354528
592262
749479
812397
574569
92840
583201
969557
541943
282865
878660
658860
196492
751859
925014
265706
517447
923904
576466
676331
896040
730883
633145
346581
171776
123832
369270
974760
16463
354786
271033
370991
463400
20513
699740
37969
629705
799293
7527
688000
82158
402539
863213
278650
154398
788227
544356
671846
712131
637174
864529
124523
884409
497674
471104
56186
621506
356726
547298
637969
711512
818331
525312
691264
838844
225052
729234
984902
540697
253113
672902
622856
655652
536115
417858
810050
840694
478567
998248
69177
115741
379129
193700
516503
876804
181156
572689
14662
537883
119987
168984
765747
454670
210648
973364
293515
435701
702598
278417
976398
472063
467671
115606
127715
3787
533465
454117
360833
12032
968718
430011
644125
347847
140063
676980
741003
321220
249669
272018
375455
886008
441002
657554
340679
651650
630918
150546
603703
849868
945315
96454
321931
412986
212060
965998
933125
261877
936468
293959
790261
905186
240322
950739
253033
380385
627719
994037
217957
877389
266055
593412
279749
223409
767319
136780
391411
398237
287326
995115
764458
232641
607921
602741
161980
336333
85092
611457
598211
21560
421768
904824
926746
662090
855563
179779
558828
483283
690168
776785
877024
472575
886550
673125
695984
653869
809906
603748
568458
97232
598863
849268
846226
206784
452010
524558
543117
53454
136015
657680
75014
74136
78857
1760
252578
934420
697891
811406
934055
904412
104544
327431
893339
991094
557
105676
161315
810463
709424
246125
424047
824639
95394
786625
31423
63756
827535
90892
117210
479903
264925
708576
554039
343782
226688
806617
794554
924579
618024
728610
345343
238920
56041
238683
230014
572950
344359
907681
899765
570135
153806
840165
394774
765552
626790
942549
829308
970678
33441
462870
450581
814718
171446
4620
674852
398134
811237
469407
839066
945613
198017
700761
184533
770410
455796
930899
343361
800155
838580
759478
370290
992387
599643
281416
757939
742786
223965
103600
713464
773759
566470
164045
588477
254269
168665
263330
168755
496254
732737
524173
958220
447106
224935
659105
733868
680731
590005
593581
997239
428585
353060
883881
937324
952703
165298
211616
695489
389263
315216
925305
679374
398038
89350
267852
168659
774367
47534
337415
270622
296623
377940
745194
260081
602875
404299
993949
799959
994304
587531
313550
939242
940591
713783
876566
409646
879081
604534
621488
784697
919750
546793
464071
834141
152496
248275
2800
926863
295809
856567
713837
592432
234508
459031
852513
353735
863331
362815
670046
373987
950346
983596
313229
407289
697380
706148
816935
92813
310682
954775
393862
746785
501569
374286
580926
170417
622561
100078
97280
918371
956646
327470
27155
707506
302853
396021
577593
166184
758836
763992
56524
225534
263940
886105
149175
477672
592253
482462
570486
902936
437238
480700
166073
455159
854986
746999
625576
477548
847077
239208
912271
320075
83030
455778
543933
385884
368151
637879
68420
643339
401871
124944
868873
665811
11050
18048
143484
603303
16863
230322
22591
454101
711022
705016
909260
566009
452015
51188
43557
815445
806748
472180
651872
889779
927958
712158
275663
296110
350037
344083
939449
751908
469028
324675
417719
996430
859075
77555
116085
875938
307877
655029
846391
18900
360045
755651
584909
328413
323191
144818
660210
129940
616998
828434
19719
61308
540592
811734
873770
890629
155817
329572
158889
141197
170599
92961
653979
29674
170516
770065
421965
478394
425094
268356
497294
301491
540360
598555
629904
863551
259725
806466
509843
876723
634901
45914
454383
175493
857648
844506
582475
529818
174078
741364
187367
344677
834325
841347
374351
4842
127764
312668
999588
69210
581025
13234
370701
121385
611789
516958
501288
871514
323424
527484
264589
474677
573398
235324
650171
947399
79830
232646
993569
253908
490362
180936
598585
324688
538635
489289
845882
666399
318309
845470
735609
899334
858704
622663
537071
986845
139621
554712
858359
979397
82196
639300
454075
171946
874624
620598
635697
954455
369596
629266
724715
859958
326555
839653
700998
381542
845294
546880
47942
163603
908702
299903
579290
767406
922566
116361
754251
578539
671073
128962
557937
269621
768262
528364
441568
159239
148962
77265
630046
34910
222884
354761
411220
65791
710766
112219
447333
556060
175451
495275
236016
84154
311531
815306
367912
234097
448019
638516
812637
635445
767478
886926
905066
52093
415290
862986
211332
564252
456604
357730
115514
679488
228843
526734
745279
939610
638953
708964
12022
330757
720592
764390
414911
32123
579696
299175
782572
544068
937691
595209
695865
705170
482135
600931
757263
413777
980270
484947
978029
436874
842677
609895
632714
71520
136630
894345
527482
775583
603309
539505
622692
323901
303895
37603
872376
399944
336779
654949
460364
274470
766510
156229
495992
248646
273512
769607
662423
253782
254554
156805
207008
613583
766700
839722
201456
419682
250419
245290
711618
853729
784795
334310
693982
605043
371914
566359
521339
225045
737660
498055
15867
504170
170636
511860
752816
444148
281467
931592
214283
52374
604749
937643
182309
887801
293718
900117
307484
544137
145408
19102
914218
446555
353412
608201
567950
241678
690912
605641
983075
428572
103696
998943
932742
790684
27155
201911
751185
824974
133503
481820
393700
254604
419463
576010
142405
713181
992479
966241
773671
137887
985343
687889
100795
855108
812442
668745
613138
503354
274387
596214
931926
894435
111509
381021
201472
138664
582932
952657
963638
232787
434477
357339
3743
370292
449701
146148
599826
442180
628742
373497
96420
130437
577738
197215
501897
390181
382312
115036
893535
656699
227602
341814
67487
339111
239187
785311
477775
822119
737968
957765
571258
688797
315104
575001
59089
281157
237501
658915
723338
866243
548764
336110
513033
126503
533325
14930
516684
915637
129966
926571
88689
357568
784737
672528
213031
23924
457839
690806
362395
712159
648572
933653
400956
480028
25006
460045
761186
262508
635313
876
645103
184077
336986
674488
826932
386663
689419
859968
818652
335737
786540
423693
693306
571277
96221
422689
111554
70412
113496
473949
782571
278420
407603
699879
274800
948961
159925
552338
727821
311590
553214
889277
12019
406552
563765
838952
793215
253184
698920
128220
588922
1812
551913
798580
573090
164487
221269
200996
751251
851117
674945
50175
645889
598900
750054
920690
547862
426331
473028
275683
737921
542595
164960
266293
949147
245078
105245
258715
498262
320517
903287
603536
322330
971552
402116
895420
136039
139738
612768
403643
507207
287713
453818
153097
886614
720224
590139
950828
146556
579519
226511
400829
638466
907824
667122
103966
152902
288719
879033
167516
609237
782320
771053
931567
753872
689521
343339
406264
345611
956107
809907
852819
243820
780077
522268
646786
500301
628759
597614
163209
724630
340478
80391
363097
764654
263865
467063
433908
552585
862448
601424
678174
644768
888829
126093
914992
578351
469432
837608
923962
941891
163867
293133
702063
943944
815401
348850
960598
444160
462816
640159
168791
803294
236902
48240
84300
500768
31655
518208
569705
894103
119633
764231
538871
524814
890324
970215
103165
359756
807824
543480
301647
488043
836613
520062
948340
168367
868912
908938
128879
848081
65449
297670
167727
302352
862262
252028
803120
893917
770236
889177
788020
406221
653408
843243
931036
543732
813459
550553
419840
137635
610385
237839
142030
446999
757901
90370
131718
143166
999308
260597
991247
581110
74620
675326
883462
936882
443706
202934
830800
730295
92111
618820
136516
261871
978416
583904
321955
308227
134458
741795
962214
744843
979634
104244
708194
253887
194615
839912
397053
193923
616862
904652
775033
691482
579979
174847
628364
540037
377781
975516
270332
986244
594337
406849
764467
89105
507105
86422
397332
157915
828217
359546
419111
324203
463790
127305
578091
658405
483570
491496
368681
100432
396149
660066
308266
492480
834914
936630
32517
729047
912147
302850
231644
22836
226051
996111
111941
733156
82534
25625
407424
910751
385171
826535
751307
848961
470192
329398
23719
953762
820894
392400
570546
733395
568818
395164
742227
403732
331795
291097
649132
760294
110299
880776
299482
852702
876887
927775
102210
959421
953400
509634
386525
338571
336169
137832
703884
806362
983582
243955
276476
320828
636355
363375
570576
721526
758539
312803
641610
606686
120252
290742
883332
230551
171518
182814
83253
564758
110589
701816
524179
63989
211450
910704
918912
547620
564888
139149
870334
548470
383104
663162
869299
535812
26537
439875
257338
301429
269030
898948
908115
389283
189691
791448
136186
877561
490614
735792
442319
601204
437608
482851
181545
165410
909907
616810
229382
474796
755959
99716
539618
139063
762879
925269
674875
305768
881496
448565
607197
150527
347514
31665
56162
53557
339465
192348
447470
830079
444492
406142
947635
398452
888993
645533
563863
798900
262343
793245
790048
534654
892962
846019
673717
172193
771288
864945
994313
652785
829862
117863
803312
693728
665880
375826
263637
5345
84526
711108
351776
529019
117250
815764
927471
522595
461297
7686
837847
239992
800932
627896
774646
210246
473915
964715
382439
761555
346012
893104
414340
692227
10967
734004
385955
676847
109830
649593
198544
194357
877053
66673
239728
994303
882437
683551
33250
860086
691238
871097
616430
492170
15345
907428
702416
5612
872143
601207
767168
734508
494311
181508
426735
21631
431865
329042
214830
58047
978635
413375
252404
855688
480048
8484
366343
878837
692036
915945
738923
383274
787043
355353
391796
802388
779133
610564
324353
651276
211771
91521
902136
222434
789381
845223
760417
221246
174266
975248
279294
669253
904975
48050
41294
901375
56535
923989
780212
264923
839935
35487
164549
143330
390840
556345
462070
169973
683261
786423
337601
895032
877944
756090
633818
183678
117665
910588
921276
291931
885836
200570
477537
790811
764973
518831
692186
337860
959172
988750
602783
799107
24237
283684
458789
931429
840029
920860
617754
39642
223635
471707
451026
101580
227797
84844
801610
345463
995432
722886
153746
397620
439809
631283
704783
204782
666466
913321
542642
625639
902071
661777
941098
926308
945461
399888
374089
785490
837100
991843
341484
60735
463551
792510
678667
207700
877354
480277
553163
389139
719516
223262
303111
159325
370897
7895
364107
553716
921216
906749
179355
339640
568526
636805
782300
513987
553045
156390
815829
390145
148233
157313
450881
611784
466175
645900
819485
343529
126178
889000
249020
362046
628614
552132
521371
999512
76379
885478
553228
513947
308579
248935
853587
393457
885740
152240
423796
438786
308630
239625
345283
456863
913290
312516
585000
379465
958417
920837
239346
600947
326189
4719
962993
471156
73203
484364
470668
149582
886194
540248
179881
194773
305535
33469
588230
707627
185709
12026
662765
10691
768003
8049
983906
197645
320565
568906
93462
795334
6095
849160
912633
848637
370231
875626
319793
443434
876342
306813
109368
762536
847061
289250
473661
668948
839071
61891
376575
541132
590269
39341
551823
874624
563742
535729
588621
400659
620988
682083
195994
143435
47596
108627
992072
417827
500606
828217
861262
893300
135030
970630
655837
498443
776232
645850
167391
615303
224094
543967
672787
814363
99660
224610
205340
663402
276692
793961
64061
414032
992397
260055
73819
39993
885035
582244
457820
901993
410461
319082
795293
545492
806065
967482
43935
98649
613333
211327
713953
837427
271646
386740
168142
371306
127703
373482
34708
920747
167444
98769
851131
159841
875177
924950
716186
276564
507194
174006
178557
917656
9441
973850
979500
331858
941333
23435
430507
71018
751114
660812
908445
22760
563905
76587
910418
691608
966422
945126
128707
133866
560248
979838
810059
951777
421140
526245
228341
928335
216603
406898
362343
226044
897100
341843
557902
354785
881630
504762
425803
632745
165574
334248
171857
729479
927188
82276
937439
893610
543754
582498
543828
104002
562336
870239
55779
499829
912836
800472
428164
129439
723722
306859
871836
620823
165054
946090
975608
46684
450852
917764
195781
132779
252012
367639
862258
695552
966267
316050
589162
26373
898548
649342
130376
977237
519581
702507
477066
948769
19332
421582
78209
743054
244793
466397
363877
409847
412487
855838
456531
863340
773602
168665
512471
541966
52656
374729
753871
18923
207131
859385
45296
622032
508728
692024
115621
544661
910884
109039
493431
930216
530621
87992
189622
291766
554389
69852
701613
966876
442042
158144
346568
215644
843161
859039
273962
895817
750121
27833
914740
473604
887219
476389
95636
912299
684765
727609
456960
112001
836648
466743
558569
883621
554735
748192
175387
625476
818044
877000
592353
260086
551497
455273
992082
394658
314313
782396
290476
580786
326582
721568
54390
730153
197957
666379
642452
399075
393988
615764
511076
230637
82508
69646
114258
153595
817838
289646
779072
152234
682998
887777
928672
234495
343050
920754
145506
173715
219502
435982
754501
546084
673902
325244
276237
388212
991623
435041
787287
901963
50806
298363
648952
649666
884361
763211
803261
702199
569209
98685
370785
768559
986462
299457
3055
329513
736563
664913
503228
956066
100895
774082
502150
774797
99326
294740
163009
607301
729781
466648
25616
780587
765012
674569
946605
165725
437780
749867
384277
523341
848552
755062
291900
351367
54520
811307
680880
307435
476220
700460
263501
93467
474542
282004
384617
90220
576744
63978
213873
822877
530627
239490
603465
811991
914059
66422
977716
868191
332641
361993
907884
697546
633408
716136
48913
204280
43796
729793
511715
36368
946605
291569
129836
937500
573573
30805
27720
666669
611135
757946
489546
658114
997436
609363
986457
427847
675786
964174
812390
8427
842519
720274
705973
992279
436410
754886
196559
480206
1031
224627
516575
947637
516196
162763
885137
89769
709920
429209
756438
321055
187155
245984
979170
700943
371700
965627
128790
47486
446153
457532
55913
805025
177806
278239
797304
130569
33125
510216
610775
550509
734843
643702
498146
251039
322817
899635
857160
32737
328844
129950
353793
32352
892286
849315
249647
263986
331294
894790
311472
777448
352322
883738
98825
530129
161977
412481
660698
711454
922697
787825
778315
173892
947880
792813
941283
270697
692448
798443
303435
537645
444745
173580
569997
337032
22895
819644
601018
354189
714434
428843
647989
583109
312581
263166
113238
990910
675648
290288
218716
114697
78113
513384
288590
25993
306197
746225
813043
998646
544669
116478
52643
989414
290058
138992
842798
829305
474988
443817
699846
705775
872660
347836
288884
701593
611002
402122
208855
803002
208762
943923
917700
803227
457307
722642
829221
279857
468867
642264
794855
529888
275094
847498
35655
81504
986490
878453
910809
977830
322270
610655
683605
711282
474843
972489
929227
602198
890963
654434
921552
99725
598358
355604
419305
572017
78246
248526
851874
63466
407142
646729
593354
198588
494227
629009
280092
997069
23815
707253
974900
346085
834260
174857
573720
309104
147347
502947
427654
554662
157382
865558
170740
272092
221163
590045
844109
299409
354923
212336
362875
278417
859065
472582
477005
869645
617943
273449
383066
641758
980702
874318
504196
814962
49176
77916
640418
196523
97215
584424
267537
770949
449983
438277
43041
671146
544674
403503
486907
899597
132191
849783
178014
507608
838717
171371
893605
973012
444820
276672
614771
425522
150990
118967
756837
716518
713235
397255
429393
810450
498032
696931
97752
948015
651560
657145
619161
196235
60648
106068
95832
709191
472203
790199
216800
827272
961570
110405
800285
406391
903429
415056
348265
570772
50375
105102
287290
763610
18710
716684
90412
516742
413615
188164
464757
581527
845310
600270
777762
422310
222690
873595
131502
694894
663794
864654
38518
625364
491411
838803
548107
911193
770211
896373
481965
820586
1475
285607
100548
20185
2291
707313
53279
932258
895477
518036
513786
257139
634658
291548
195802
857349
681495
327304
552243
861641
708310
107113
3358
716073
945917
551465
627266
716128
447838
109231
53067
965666
911191
669967
502203
429834
377280
555483
362093
272758
589871
392231
46249
224530
200131
242051
81879
397979
85707
150474
259620
310369
257587
262978
26443
719856
814444
653709
435985
778634
279293
5404
260652
190484
675371
279208
620318
52652
351043
498763
841762
940914
407346
404363
681796
123830
646415
280027
521809
732122
430501
297781
558844
204441
560760
585287
924297
891556
238996
876634
186542
34641
398390
447195
225125
73762
242755
361796
642766
593798
376911
880
534712
784258
405243
732861
424440
51658
12888
946249
300133
959742
760382
858977
164183
321142
960616
604832
729050
199612
997819
915593
750606
396209
879140
975731
986323
121895
853879
629089
715693
747143
146321
766757
47753
551565
15970
472193
119575
28859
934794
936060
504953
695176
311389
185488
532671
272005
790320
261721
987970
788139
177314
738576
700701
572806
230659
687024
211053
84539
832466
443098
831682
978787
726208
879435
46704
742178
867980
166280
287389
802774
102340
792342
497950
930082
977830
30621
202087
284503
808695
190057
588994
502361
928633
289695
75168
159293
493072
286221
760184
841890
245672
108218
337029
971880
987653
383734
714058
371985
66366
517800
174759
685058
310142
189061
615140
287973
736035
817228
88828
544730
523637
677822
47091
452271
967518
638611
127916
976942
441185
888100
818832
686857
996318
155861
658737
500323
55947
889147
872308
122313
406947
563419
807372
233442
752480
422512
37767
4867
756092
126595
549597
279730
804417
113041
732001
288287
268004
859917
265229
709189
264369
600413
912398
777039
272627
87487
277362
328574
976635
666022
450888
899934
745793
774612
133376
14625
197124
171143
19493
953217
297738
85442
232947
618508
198483
481300
906795
466488
857569
688377
692029
121938
805142
604428
898977
77769
691915
692691
922696
184902
875065
373584
84837
620858
664548
734565
635483
861672
422061
171328
331241
236151
256771
564188
854659
455254
561840
277807
438094
419409
966184
646476
57699
287678
250904
473028
365448
459171
165719
804496
160426
557136
694432
245263
177994
358980
496180
329830
220652
918241
501158
68246
154393
757929
632434
525404
729536
710627
803211
683982
130036
285747
330458
187736
573426
581362
660764
455226
556886
342836
259722
717312
899972
954154
478927
594319
313134
975107
440501
50138
409701
941659
118384
80446
215941
267171
605850
945477
977798
409062
629459
624186
694809
476270
328274
784587
573984
505391
239813
130870
848227
15887
364534
264551
970041
843461
375222
799527
334921
815723
849666
260974
757383
968050
341420
489676
751573
947270
435153
729371
872684
580964
869910
567494
573586
198184
868433
147571
703575
624599
278441
551802
640486
159328
332706
126880
2789
707928
926407
854062
40004
292425
115036
313739
260476
456456
803415
528401
920079
754920
257773
792763
852236
127683
876609
425823
842219
745043
573394
545795
369642
368187
613949
526480
43867
946655
653360
46657
170936
96120
417071
727292
388545
532108
41031
165373
504916
360798
693775
424995
115718
467900
217759
967954
111935
94368
910129
954154
839411
999875
499949
725405
884415
630251
768238
928282
93258
421598
974939
780546
517718
908363
507838
422616
440471
548869
587989
945387
909667
281764
370383
541737
266016
588142
26044
377951
198862
936173
848458
554626
452401
864759
796383
336816
495010
564621
265098
588269
502572
756390
368815
536642
664753
876654
959258
105224
941875
547248
566963
367895
345364
937346
909632
611381
41840
935676
505684
757055
388202
354142
311681
840603
218902
108064
177419
713912
672686
958869
818533
175258
715259
187349
711900
896364
580355
671159
1588
522230
734759
84904
890125
80123
538602
316110
207856
96795
768138
713541
853850
156340
584035
165531
513295
319289
273595
690714
33202
462633
165936
368087
637891
881195
555436
866144
777560
135791
53655
295500
174374
788414
380404
580851
384889
435359
896961
109098
532154
665100
338991
386004
821440
923026
551535
851088
242316
341482
541802
791870
804116
707738
159957
958359
105286
231746
824503
882846
367537
878158
694698
58263
182924
591455
639115
567814
26814
52428
676912
558968
717528
15903
461324
55321
455281
12859
906409
697597
870693
964563
5819
191161
188654
165777
149521
293940
397523
974024
693138
281412
368535
904188
339676
551459
495643
495143
119273
522457
547571
312537
597777
781452
328440
59101
836773
783722
588312
259534
997671
975358
224097
3491
166519
929103
685620
316040
223043
83143
806417
432533
880907
174952
336722
736935
726411
348717
232078
362037
871175
296002
190926
985304
77454
519367
560758
430579
819441
149070
690113
817112
124428
430562
336955
290948
876018
22575
123340
99061
622070
929757
47947
502978
621061
384669
239913
863825
249738
471992
225862
120913
767994
416788
622570
361800
452507
183328
792379
788300
848750
998844
121765
489531
945758
458720
296831
821776
481296
420171
437190
103366
866281
485137
122696
487342
386158
362610
351167
635896
834602
93381
273162
118948
26522
895732
480748
479029
595412
789479
267330
960514
788323
905447
966397
734081
364167
263228
555858
361815
199752
993048
981534
582385
994537
104230
69727
380695
466840
937247
16591
817794
30628
806105
453094
57150
218189
933842
52532
813601
239673
836214
290468
27996
741661
256865
278430
622180
36446
350640
983996
752550
860040
965530
334935
854577
586112
921014
751624
52953
858261
284567
870747
405242
90673
840194
978744
308862
774036
547628
638816
530062
900194
929284
74410
641855
702501
352840
264036
738947
703480
764384
491497
79872
246266
342784
934449
832378
263799
686073
885331
638412
970641
272431
560006
577666
112625
538751
402880
403013
602731
41696
449427
502926
487332
523838
661133
189834
876678
441521
445133
96511
205905
452983
176383
452171
795767
627185
800902
575918
829610
202585
730683
316603
991368
290689
894269
620345
345792
297150
23359
948524
855198
989138
451450
342531
512976
112583
48717
389655
554105
493850
2518
276362
463185
178901
244886
775305
322438
45788
351223
152049
248373
81906
468652
239742
372596
879274
860087
718388
176424
399798
183264
547974
388937
634714
890505
418265
263650
939222
807920
817755
949425
326790
610469
412610
22044
855355
187915
344482
901143
55491
496531
665869
653749
481536
421963
542697
360810
798402
777438
53586
714553
960702
601560
619842
111769
8418
38107
375419
947640
362380
709526
413417
689170
319995
342380
711214
175351
46647
55697
76494
618490
68580
258715
272240
550116
680678
814937
427278
479081
592375
997216
193634
69430
598777
813476
181199
123547
367935
556618
587539
730315
266144
957
419486
586139
859689
130700
761490
906336
702749
354337
524827
771330
613052
313419
837798
293731
128356
781429
289164
237084
778645
999150
306514
893774
812626
487713
17321
696913
44331
604861
427229
826827
122170
846715
412966
981859
493767
690809
888195
712869
561498
929374
484199
174550
242793
838349
984633
887502
619778
273797
124586
914776
789299
431100
324902
118277
435165
342224
815191
479496
463437
242420
822675
585607
605487
751993
567466
99254
442802
972013
328475
4300
417740
329026
695203
176885
167376
679836
64387
303506
469986
188973
734634
259285
136425
59537
377563
571590
401761
709106
567438
381550
951526
390113
967157
557013
142107
50975
172619
101261
539340
501095
621914
473432
830121
317117
650318
513849
513305
714705
817356
499643
420031
551990
275281
556456
127879
169196
128047
45992
878302
211837
427542
829828
118303
911051
903193
776762
962026
75812
878023
17719
93259
499937
491151
923381
333406
141469
953582
846712
856175
287290
346355
276206
355633
621636
349014
483512
307184
993413
529505
185486
205251
957047
15314
323554
868099
918507
616668
346477
510672
494691
364196
120283
510981
855348
560016
844387
513169
513599
207451
885696
800889
553807
161902
156522
691795
27269
640035
998980
20682
685892
184466
225933
642939
716133
65839
27390
150992
682507
373868
178016
693551
254416
298300
204532
626116
858316
565271
139286
888267
772723
24982
689157
842882
703237
362031
51029
730506
518418
50009
267540
204310
750828
9826
847250
983313
75665
390992
650657
274525
281212
828674
484428
535629
643326
205312
161745
17994
770583
817383
906262
59658
358718
595419
902540
61955
473802
953570
308813
992221
519931
576353
196531
787111
102531
560133
770424
178197
951126
421082
969074
232338
766108
453502
284319
409434
658814
446065
427428
945749
779800
333690
5408
138518
445461
424300
200473
919264
894222
25638
911485
414154
118344
624368
201265
220875
184502
488042
915424
651980
425476
884498
884318
191584
854352
168638
117370
29518
131055
61150
491620
910855
911193
497028
49374
873006
437680
766199
792270
331903
308190
220107
746057
426534
844476
463674
647409
545330
951716
79186
197310
893544
963684
81628
601480
334389
766618
718850
880259
414025
296353
371879
841233
207546
868907
890607
80552
306588
173158
389175
638491
481348
125634
900900
907882
970110
364574
71644
515440
832643
150830
229102
726187
630866
310731
844020
481607
593701
562870
361867
524079
375575
733746
365312
583121
119006
772271
180026
941946
945429
569201
580437
943130
694835
997689
367364
181298
362263
439008
213090
711258
106190
442193
953798
253409
269276
797818
735016
379329
877040
613235
903408
252616
346982
268720
352089
465988
40991
532115
407934
502773
617668
504723
445903
828856
502412
813267
10154
381027
768628
739596
608638
391170
698141
562436
160931
967417
876606
412300
863099
753646
25535
766507
522614
372517
551580
874704
354857
592571
406819
279143
611696
24488
300218
573951
853344
318982
903571
379850
216362
672199
635798
825000
579721
333940
903788
257005
817709
780394
669305
680808
50392
694840
447316
573007
583710
998896
964063
454919
107819
370882
734063
235868
911722
34281
809819
281418
869616
713390
177620
85978
901941
813419
427330
998015
147359
331118
255020
965068
627864
924325
645877
678256
619165
609545
767615
202875
124793
731678
657795
748964
618913
908210
984832
46987
458843
794652
328406
328459
508042
506026
930789
926336
319445
358119
924351
983156
689237
179371
948225
833453
103696
110454
28062
722861
236351
795677
442089
361144
43708
616236
110108
178973
40798
611293
225960
499641
405945
70718
344453
430339
576745
275242
356675
412542
633362
281026
912051
838951
460397
376628
672405
80445
487082
700467
803307
239785
12496
761748
117281
572556
894336
743741
751529
935134
355034
493842
951127
277331
564560
295580
707671
657657
87175
580698
586552
236889
861725
498603
75840
838474
875231
748245
918920
878665
965064
238579
118450
493913
516679
235731
66469
411015
979472
817999
862501
334507
311841
813628
611838
392753
625561
835861
50411
712736
416560
636963
949625
794637
135566
25465
149463
10797
290063
584735
889462
771479
823314
524264
265392
856345
759995
331862
783712
255819
666213
646213
106678
494406
459842
234869
887159
85403
70730
937570
314491
3642
90885
264116
798279
742803
805933
464095
269952
95996
48830
675766
383828
388497
200030
649220
244842
476377
497434
28555
732197
163647
674768
838875
658053
650962
73744
61565
252717
660827
515487
567208
664469
606373
831324
979101
349176
637258
443196
619129
249606
492026
294895
633434
880523
11278
799007
641718
487655
296441
670273
736204
976441
861393
575080
634494
28708
165176
212411
281425
826003
727899
848634
490473
850624
196310
985926
716152
833568
429122
851633
599527
437500
662881
749313
834376
674159
548320
476094
678166
361114
662719
414371
337555
40464
505803
488401
69172
670979
700813
866950
13335
945064
715584
20160
795688
428246
6086
28192
778167
435208
396178
377694
389060
59059
127007
223436
249570
191680
215882
927736
552794
394953
342107
406701
435418
364262
895102
20942
35242
112267
887892
48577
57331
119828
68737
369371
548075
591175
913916
326242
26383
310094
220288
931795
369153
863647
155232
618723
571679
887466
62811
124473
282420
921271
47526
717838
285533
942629
255132
320775
54896
143025
885704
112228
779205
470793
997951
327280
61968
911867
169874
604703
221961
906514
536499
591114
770162
208083
726189
341841
95549
305353
982667
377969
226624
30193
612159
512157
972822
867292
349285
544071
526669
234989
172651
305874
705783
170602
633155
767751
598822
319381
372455
820783
225896
425306
928250
996058
633389
170791
854251
245290
476144
353270
623260
702768
383464
751771
731278
872638
619063
80563
933061
662084
831904
105712
967959
537687
792667
117466
821791
391489
436847
710598
728624
179095
135904
656874
691505
285645
344018
62109
530935
820162
415379
670547
39283
798843
422319
770561
187834
557734
851124
120895
219819
683028
742960
187778
737068
535627
821596
75211
927116
774795
785809
172092
953891
438065
828967
161748
723710
172985
223857
254645
509499
639237
925193
548782
954432
863864
319343
142266
421598
686819
779514
641417
886200
522474
345547
623268
574453
683495
214831
17921
458291
640
190013
928534
438705
535332
90282
678767
224669
314140
449764
734169
469729
891309
799303
424161
755173
634999
82780
176772
321818
378646
334541
724370
417472
196441
863990
991925
879936
78821
9846
338227
595813
716211
783113
550870
251544
389748
229637
476213
703888
679402
726734
173617
570711
526038
114130
842237
677389
713262
19009
515559
91908
869902
239930
509380
66343
103920
17657
946280
699094
543855
800859
294907
260067
583973
845778
27963
973721
75415
504176
193961
271169
747263
883930
358233
789653
514412
200470
467042
227675
735831
982601
319583
605733
222531
345316
672077
842804
362973
134709
541898
906829
935568
836805
166896
35893
198935
194859
525966
274351
215387
236279
61872
962650
636561
936457
268655
150974
653279
735697
895001
389110
718299
214584
511196
457182
559900
699625
299986
439226
834334
358236
346055
286254
195042
29303
838500
393977
224162
880818
184680
955901
633450
762905
434904
270011
699362
703559
937337
868994
439257
832338
258104
673908
563275
285652
647442
639527
985277
947429
78753
819611
822017
424808
622218
533411
454111
460718
443741
194625
857888
628421
666879
491338
907678
101783
761350
123393
321694
215039
992387
277303
47378
766843
951211
610653
52496
115006
250180
37773
62435
328934
373737
400804
270094
512307
934216
240558
489377
377957
435183
347265
6378
618414
354956
430409
720197
632658
553802
41892
847697
546189
835547
411427
829384
303111
22080
881880
418117
788613
436006
996904
633899
326095
397708
420345
838402
331924
660903
844131
709881
612439
191396
232612
230853
62704
663021
467403
695362
733175
25647
543060
795716
861194
954487
625100
164305
492920
506981
582422
797885
459339
579326
948136
785434
977035
368481
140188
825311
545737
984319
535193
158176
692067
767805
389029
754772
947178
372784
450134
680353
398431
509546
476069
259626
980386
101169
940283
989658
124502
522706
787543
583841
618384
252031
885627
111771
620512
25815
937083
166249
526486
472276
840777
218554
756433
746159
489678
703611
118943
939812
383964
517375
965711
376385
293353
946097
993906
233636
452107
118409
756342
756002
218602
891079
8033
104230
2850
144897
646397
939933
827499
172884
928561
668276
391438
684994
414435
397468
388605
533379
337280
288921
50754
819343
181658
344107
281792
175565
94095
733899
293974
850438
489901
512576
741517
14286
133158
260719
159184
779556
200653
986683
952440
129214
654959
860230
330561
585747
257698
719166
119126
111330
524440
686232
447026
706098
546691
728818
398015
640786
979070
691989
7576
468971
720918
749093
999610
854076
9813
158794
149984
726818
661829
102424
372384
316788
479006
702945
902535
736704
422112
538013
364387
462904
224245
811413
685354
287288
540231
83370
928075
35653
291711
935651
504625
12629
201097
20587
383058
727262
179381
533042
454080
841210
151819
826464
674350
147177
529410
93238
400234
467874
631251
764621
447130
371849
576034
648836
659137
632617
732206
587212
668271
23918
39216
689248
552899
240313
709835
452309
967575
405568
501704
938007
763130
169875
280823
437480
317052
326585
47070
717286
794459
194674
481907
757941
566523
574293
406778
225660
723263
655336
329225
907886
679254
368441
597134
748506
125106
823321
717167
609033
745241
218871
547040
508371
388746
344215
462203
705799
670801
509274
423085
981612
220300
421345
739554
786823
511990
662684
528835
235253
318020
374412
143139
513627
259205
256625
262133
384311
79946
979300
993344
341539
714524
56736
849910
103270
400952
828466
325421
588105
854092
264859
569717
74392
686204
309271
861215
714546
488307
906402
949800
806328
280815
609291
319955
540020
865917
98440
924332
462215
594092
434028
803755
308616
7117
170017
928239
408069
998483
253660
996174
852575
518519
82243
926967
721075
907867
304534
435622
396174
210937
901774
202502
491752
511065
522457
31772
376982
137249
472456
355550
731342
906485
159305
39958
913602
329322
968197
838023
844158
738210
350549
696733
773081
432792
140053
494157
857011
444587
446131
253186
655524
347905
455688
663628
375322
494498
695401
268657
631747
167857
624207
363089
590694
299864
919400
20648
629186
887597
858671
473344
142159
725572
686430
915241
674717
826483
409398
531728
787422
371881
784914
959299
236138
756955
622927
611460
251453
318328
880117
883200
2538
20676
762642
109584
320540
682042
130233
466079
85991
505256
455775
228151
230829
142205
143392
421898
485040
552790
469978
272463
441023
771245
231762
677161
528200
371041
288621
779653
205722
685091
179205
208260
222119
941847
317844
542660
140241
964429
8739
226233
469686
464514
454384
216867
123072
597776
155117
124464
666918
625095
913279
107941
396340
145041
785102
440892
32435
590075
736897
238157
791518
916103
962769
13638
374302
796965
556298
514544
761395
81389
740777
231081
62255
711513
964300
701679
309289
119417
826144
976207
260864
739423
84148
173557
400817
385602
614449
433252
492029
351347
671409
283548
783802
634178
813538
674456
947495
886188
705352
708890
483929
962481
456323
546184
673994
936975
247864
983283
56392
590360
475842
833609
329783
76342
7166
730600
461944
137967
680204
470326
5666
867965
270226
305820
18495
83764
980277
965991
969952
685629
674881
453881
648111
647557
516417
322105
584532
280633
821741
157277
870993
297583
990886
200777
373926
514404
447729
352222
652371
127934
822548
658038
512251
92774
963858
530747
176538
460487
496738
662842
662469
687971
633075
310580
335528
665845
149037
436413
946478
970778
593690
817472
784714
584576
18249
158640
615332
982330
510862
267703
626616
849763
442093
138868
942537
922304
669615
635428
382791
682705
298270
45260
370676
447698
872192
222557
113543
21230
658970
60021
508360
769012
877493
809426
353588
412094
968066
485272
910777
995281
752975
537393
845044
195069
676261
303933
117373
862228
939361
16516
544933
753984
61777
431962
201682
933969
654519
831577
471551
829841
407950
496264
598853
801796
305690
468793
213890
790109
954065
124667
785390
223392
178413
146786
934813
371026
967071
568538
749607
906433
585055
810892
176769
646832
242854
894803
97153
413725
726380
85057
759918
134330
581321
358771
936126
887011
343916
666369
677120
814333
307388
978862
37726
2153
642000
972539
373180
609072
541078
122787
31857
126133
933679
208626
289317
692886
619781
902822
106611
346161
987879
866530
996843
569200
741653
449322
972564
601922
632043
166036
416255
455783
144899
453981
457937
303251
426521
831117
428675
483951
953904
976884
126436
403935
701862
932105
96821
321643
834927
719785
184156
339159
102667
697352
424711
844320
663026
397275
446242
295069
79664
862498
750852
740915
832831
208789
44166
775704
556258
989194
259655
26514
966078
902443
430450
667941
834548
43623
989584
185828
763408
690093
524987
866075
387445
466050
226748
50471
379678
672990
861892
459342
51840
129096
200257
884672
337886
760775
660376
410496
749969
436384
437011
716048
338827
383813
900341
689728
427436
406277
875556
707197
96370
916895
573272
167
382945
800020
50638
762623
989363
428882
221965
41203
557979
422222
442227
412217
182998
618956
822713
449319
55340
776076
681719
910519
159889
582060
600247
103678
988338
475803
810875
601060
392698
384147
601228
291996
700520
168218
54619
689883
113453
792937
247438
671432
215159
689666
83649
914509
308622
906362
880181
880314
682439
561900
790833
358680
143961
907433
462358
648651
383236
273233
766063
292287
173733
883643
584283
874253
51862
155254
564136
165315
948191
327926
353099
679703
533944
436748
110564
842566
859462
990745
239232
58253
552646
546418
416934
212959
453851
395644
377962
353439
185230
144025
162078
358963
27669
262713
233216
595883
417968
313704
277550
882511
641630
630649
562214
175575
583749
672779
534493
443211
179876
290078
17817
732522
352848
951103
945481
806699
346747
323443
676490
531977
983821
838569
407292
11490
617634
640508
607373
551954
470564
401275
434466
628547
31924
513032
320474
615673
185811
371319
575236
365688
661397
109405
614562
14245
60508
76396
337296
923608
916191
530139
971937
900012
368708
379230
911502
502694
536090
35227
54649
6655
436502
489115
635202
984778
2147
472028
116803
704311
843347
208392
586351
21097
317797
200913
551694
894658
277309
888991
818266
193501
419130
790203
93513
304190
685785
521368
323236
221876
72947
377885
228531
509450
867000
380085
10580
385500
852113
127384
89811
211812
335776
192514
232909
169925
393427
784604
64583
187089
189947
882849
380590
125429
189405
990455
945971
875190
28175
269207
613418
101123
647093
841949
126925
30445
738386
137505
932297
106851
264889
538460
318664
117017
730974
67925
286943
124402
852529
351526
827843
558828
750728
724785
684257
456485
715240
146580
848027
259768
415788
461446
360891
579233
819747
4168
126030
558134
658025
58328
181337
922915
596788
500001
556284
327763
84279
359579
968517
936808
227458
796360
11989
978186
521145
212598
951023
752737
359179
799050
12505
291319
776848
889748
870552
112948
410268
996582
187434
68294
571262
368771
507561
168051
385125
63845
495814
469404
423425
980683
922564
650883
777043
934553
145421
814540
147152
612796
567277
22683
928198
96135
314002
705047
985883
700906
817995
912504
213840
5429
980798
785103
890552
488359
953154
275677
68556
965320
745081
8333
946003
667646
659216
239398
118551
320989
53938
782055
933785
137567
804738
861984
233702
635092
83383
735938
852350
417730
648442
582543
939511
629240
367646
830063
633951
837152
622093
702507
318824
367174
710841
781179
551172
886409
20577
186076
723751
590867
968131
173888
728434
289222
35872
478489
440666
635607
214427
293017
569689
862869
391912
509200
8461
275910
855616
158764
629414
477709
861271
948238
844883
88464
245769
912408
491226
782698
98484
214977
373565
582967
388865
618351
872189
941090
96840
312856
93049
311267
122225
662739
690488
30489
171939
215301
306399
27555
890417
935813
505264
751689
400403
866500
356505
646172
295260
847731
428870
393744
579060
318787
976711
967926
937138
365253
425368
550331
194461
518417
377950
833038
181156
584791
863527
869448
800092
169926
897003
206862
105739
918620
474903
506142
301472
831408
668666
596732
195492
97536
506828
774552
416323
999891
258830
869813
365144
684198
420144
75957
718968
798095
908995
416476
382886
772522
285924
699330
942448
699280
906192
564539
134252
381095
587033
435724
212504
255699
548808
924348
869587
55636
698900
285910
571879
474083
672076
937024
674633
92220
529333
393601
890315
438329
810078
789553
210851
612354
488884
669652
827986
395076
750543
962238
292524
337577
914314
21380
109628
463122
945728
495568
35110
160980
297830
606990
635063
969906
60366
309697
62127
589699
219650
468794
28028
546080
258348
755232
674787
263584
424884
502773
175012
175427
981364
467536
29356
895678
5268
655337
358801
950996
150905
910263
628329
448735
517253
779744
418642
577619
605793
997121
167319
825444
982267
711699
887876
756967
466931
562663
20551
408167
581789
711916
99947
563153
695804
129303
458831
701073
300992
333984
168421
968249
244248
796750
416985
277853
92847
351979
855473
698640
865452
539144
524084
847719
767195
928313
604687
234127
490976
141590
642294
589117
369858
742241
152270
65663
387897
127454
283088
205241
977790
967861
173491
738390
280964
590476
16244
373811
458807
388069
72451
324259
443565
112888
688330
210760
41201
809369
444887
48529
950960
603534
637647
837170
862127
789917
419185
250024
433723
702273
455266
411514
670135
628757
149904
951099
735585
166148
841262
194392
70569
913713
35003
514134
26601
723333
724895
584154
532703
686134
632684
15
289668
270331
837185
151796
576600
256371
918172
526676
474996
889790
938190
661483
518547
88094
128934
770484
770595
970196
481228
841164
400262
516231
871651
943215
239565
596546
527370
288620
282680
160054
288635
88701
946737
642172
756849
39689
414895
675021
566365
406244
564812
504555
67727
599711
109002
196662
886548
395949
683210
367776
237113
83472
884008
108764
26688
639925
221662
70410
928545
20695
230464
217180
109396
693553
375704
866245
249594
790600
57618
332312
196844
138782
353219
780923
738494
462221
493937
625042
858170
177148
509170
611636
776972
393178
236752
320012
33103
974767
390422
961648
995462
137238
695180
104858
347143
587237
487455
596738
894189
61425
929050
607385
200208
282269
388308
455054
260843
882246
80096
635365
575746
589266
763353
352718
498797
516458
189083
531900
491225
579505
9901
486687
716744
221433
107897
580239
808670
111704
176977
702859
173129
622379
310244
373337
421001
698553
828391
681844
97151
424839
833561
189249
530458
596915
58319
29255
629725
247402
77507
120950
343260
87408
607637
60004
825194
231886
640243
633864
343590
333573
336724
516719
955952
163320
890057
376953
378225
234800
575149
475376
659640
925063
180977
706450
38330
239297
735705
668055
486699
329564
789005
829959
933325
912994
406315
758519
144880
562911
392383
488470
412836
245459
521541
885140
408780
927950
778446
787005
162751
869947
778734
338743
795010
959711
45193
833340
199008
297250
501395
202060
143166
806752
548371
76491
719746
471039
835010
864626
550302
743746
869448
963138
989205
390990
848278
397985
835292
143076
701343
998043
13024
480077
853138
808034
439788
414683
157727
155149
228285
659122
357209
371452
465875
421932
447943
185621
892971
799306
566600
443273
543052
436048
922763
48609
343390
287394
962947
178683
430470
664290
693078
443494
144367
546217
767881
100507
477252
925608
255656
705538
101082
129217
76990
566957
551150
41285
268931
960473
840591
835531
920099
899995
787931
842862
464957
647674
130256
427904
826357
77079
92194
35787
520573
752913
98356
804806
853420
575609
730414
625429
797499
831497
754646
390841
914806
822148
432126
183737
298974
789070
535620
219073
205417
839904
61935
670374
487578
708544
98278
830287
785623
190472
382426
822548
943385
480783
627355
313158
572744
874121
938587
370243
221970
209585
761084
136777
31734
193210
836866
847060
498632
888839
66133
704050
728743
644420
374424
732673
869316
989055
79312
654939
695879
461738
993840
639265
942521
137547
468775
515265
11668
407362
885508
233639
616947
646592
886768
165033
356155
723634
12093
371139
612473
594578
75189
857568
238999
965966
590241
108315
471373
669553
279607
167252
131292
273447
322869
590165
927346
791644
105431
939014
199006
507291
689005
332306
670236
575773
497339
542743
299408
25785
913882
428233
620363
505424
285802
375714
987742
876043
484030
459115
61949
279989
626367
709593
69788
949237
299758
997134
740881
921541
452500
939888
945185
141506
272194
615421
233631
285885
674516
533039
311670
588398
961273
448386
610174
763427
824100
597916
639470
824482
57031
217771
104471
683399
927364
690611
632636
743475
687745
889869
181368
140246
829757
126553
798104
618303
258326
31735
420541
932842
81127
732211
37593
558752
180597
647767
322179
4698
245684
478001
345532
302715
695773
450004
986114
139489
140615
135102
882964
344713
24972
64333
1311
371081
707238
799415
505737
965565
347502
926278
898407
428629
174841
936000
987381
355439
583768
309560
876489
829452
787562
222021
648519
999687
188377
634634
139176
845345
286088
538493
190058
311060
119178
707721
682142
826416
507136
704231
791981
854638
630509
206741
799620
805350
142741
787001
677141
242861
612914
553630
588665
916828
292004
237185
916515
996733
388171
572043
358430
674259
110536
64840
501672
746066
772561
700166
572483
796049
404397
880816
167040
34906
87557
966660
356608
746651
753661
33750
989512
882927
103732
94530
799755
912088
848067
232622
908822
236238
804666
783604
426849
431554
848445
444873
177621
621006
145039
750104
933408
65788
630920
100448
100694
234830
67108
973655
981481
337121
7405
970993
220049
111137
581875
536156
539578
429942
768779
964752
182532
573445
748356
125734
521351
596801
570607
698972
734160
231999
965428
183920
297787
112701
284368
914834
347531
867828
888489
329012
204949
895894
816357
941350
523383
398233
993859
62961
344527
762638
27713
527060
852435
776070
169146
373786
889223
739753
589111
139735
971752
554539
323655
785892
667240
124375
700726
14771
992203
589215
860135
713505
1461
676493
171207
524844
74726
165066
587806
419253
444056
131871
462665
812843
424293
631811
186630
829869
887917
292093
969604
376021
846632
809612
161913
30225
933987
862639
44996
442543
451854
421484
156048
453315
97977
327255
494512
689055
8674
598670
624660
969082
246893
87326
781926
