1000
645738
197010
89011
654090
307700
40966
109148
842044
661481
365608
472336
201400
366872
7834
162716
855169
336147
687954
193167
617484
688756
399318
342994
584355
262220
272063
100088
340934
893234
429341
326710
538972
626352
415721
709414
934052
456687
818562
292448
634520
700523
764785
835920
67395
288971
514989
922564
625118
202943
632084
758954
408051
547754
101948
508758
809975
374011
608846
150909
783598
38187
993971
838922
664539
926044
548337
114944
899083
883251
407392
533604
583774
688529
885876
167522
493852
400865
606438
118970
603808
238522
394276
528211
786277
12576
553321
596252
386588
162167
263513
170186
716707
257485
9108
897598
183529
73797
12542
598965
957049
936287
132569
540823
141168
18445
224697
635021
419311
831136
270343
539471
69658
664620
67683
372287
193548
137356
484891
580136
299524
748405
266674
16231
522242
792135
430181
222123
382284
442724
821088
339333
895363
953657
396509
36531
488455
621206
187904
907766
452342
458248
447237
38353
639220
31272
926992
832768
168629
411884
929257
984505
676641
712283
517088
198883
20770
947269
421006
403055
906345
758447
742388
318060
228456
138897
870944
716911
276456
58848
624677
728798
33448
588267
283503
672668
135891
210496
21789
820872
622380
467398
321729
299021
179681
355169
14256
200452
302439
951614
119859
725136
710061
862247
43197
938518
517497
914141
171781
793953
489341
312811
39103
522790
417430
838959
711810
553321
49455
733599
890546
188187
717349
728627
3560
897031
83797
534168
613835
902588
485782
733694
627724
712196
112293
187273
167066
146142
617766
338847
456447
107108
651658
11903
629898
69088
850862
858060
138762
416669
591660
29308
604856
309009
274287
124768
722392
358084
658936
852579
260672
144718
586273
404749
856914
214919
108374
23980
361061
726141
879180
817509
349601
530838
345764
979499
599927
196626
837559
255041
613295
945571
800701
734503
770933
74988
859271
9677
433073
518207
862257
210097
662925
448530
131198
36192
179801
239573
576524
540863
482066
972056
874724
831667
502895
220488
327518
619174
933466
681429
874215
546761
143353
674916
281264
914286
749904
656887
923963
699329
175094
786220
425779
354371
751103
556977
906915
447256
312902
999792
504471
794968
971848
379195
142987
474743
116035
470505
610269
565853
668287
484484
628966
811640
675752
426582
242278
942009
83469
682593
641338
258563
985166
583469
129287
736269
140447
36202
183525
969701
35994
204349
281022
7843
583544
424009
998938
215932
410867
609208
298137
595506
93692
927104
407146
285797
353686
165776
227806
437156
848369
869144
212071
833535
968966
341358
86156
109413
377561
786034
595466
929907
990383
876488
937750
90279
816850
936689
822563
744069
545897
120701
339575
155941
47805
746721
441738
401491
428849
185896
354999
277218
571393
567071
627106
540359
908429
713262
166124
802342
15648
761590
732250
6031
154431
670000
612663
971281
123041
435226
715350
185290
555927
54925
857584
120084
317998
815674
37928
746847
1571
392927
540417
572964
476350
167523
113323
901132
397138
279447
703474
412786
557389
435724
418818
711820
622077
547833
199453
261470
983059
914803
963113
55339
486080
820697
175423
320430
152723
729703
583629
154294
122631
124047
243610
115333
807922
356933
16465
205060
152732
719940
617847
226474
672016
553017
938294
810445
100850
654100
588268
83909
568903
551381
655600
571336
888430
347376
408118
41153
77079
991748
195448
716062
115795
955410
831396
923717
828696
847861
128778
497780
84153
262977
724254
272522
815994
178901
82967
916844
833001
671235
517105
918256
738968
172706
489592
627398
36434
897711
184904
113513
405811
380352
345928
37958
852114
177324
478027
680810
541537
123157
178591
625691
386134
902845
414565
202128
81746
497532
635324
431099
685120
668782
349356
940440
357840
355300
567839
394274
769363
752743
24139
175174
649447
370067
213132
17913
63743
691160
698724
605281
814317
877315
747324
716804
296512
161889
435284
894611
175773
70609
325710
377245
255743
675066
317686
613583
30367
401877
7857
316082
670972
31996
491257
320419
918416
220741
338332
982159
911901
553408
587440
242571
947075
851116
475727
243588
529357
911011
654551
705131
497972
980261
82376
753715
171680
916414
883650
718399
318291
891507
34481
989263
439856
42090
826034
358272
262832
680719
856783
691085
234127
444224
450008
181203
811692
925735
941143
341050
836747
595694
562533
851071
92307
161261
121139
780339
77676
4789
498738
912319
412649
49572
901583
852505
91662
727617
727129
354494
924688
583912
45580
158816
544488
495588
856371
356181
937676
313866
213583
290775
425912
292468
141846
34571
453729
779337
814911
47757
784127
830001
960077
196776
879573
861660
565633
487588
105629
292762
358434
30318
393026
920366
705486
937515
415955
78209
810048
869983
908427
539983
160758
850691
832451
302604
885262
802532
81942
216525
850290
382421
46527
810367
579197
442452
188379
144830
446392
810360
953944
804827
840678
346970
725193
62516
800837
657500
657077
610885
527483
81856
150868
688241
932547
499671
507198
334162
302204
105492
550687
668846
487913
113566
479213
583462
72371
183944
244644
35115
994304
198588
839942
351335
61910
81488
930203
862748
738988
103633
473633
782824
185489
140854
471065
634389
156877
494615
968551
459081
116459
35590
127927
120724
149157
123492
704186
737880
823788
465182
772995
818093
180122
129290
169428
242033
210778
615983
104781
466118
719616
94766
248942
905106
751972
236360
539495
908850
247327
508046
884283
363787
59988
528563
484511
725497
168407
705050
463377
992196
686584
752725
810289
866707
882015
496069
108740
609145
112052
729873
75263
831669
824639
840558
736775
92964
76918
792622
1814
840597
817020
886097
204384
877008
931012
205248
602506
99420
426650
65883
91616
113234
334960
418257
979941
216975
914326
605033
342472
26378
334906
934088
374399
675898
774646
627526
768862
367916
420148
770676
208513
237168
173125
929250
114177
104138
650850
716683
719910
77500
298918
811526
190734
633879
229783
687028
367206
660461
292061
709679
203191
143320
160119
577591
819218
934765
205117
588080
819033
625266
875108
27546
378786
48233
473148
492963
668723
123998
725998
388633
201498
24917
716511
908585
175148
462646
595613
542354
123107
404026
768385
326299
547346
928504
903890
366564
379621
625359
470996
198654
250625
346104
742553
629412
910690
215701
638727
95765
856052
364726
751
573902
905995
717262
998839
81143
179909
594452
139849
303016
514831
424587
145667
578529
869443
49557
945094
765417
674917
932442
964071
441894
278547
222976
587658
705589
955030
226386
801354
811082
107464
318457
384984
529811
35720
383824
610954
731981
494628
267155
551349
525811
208094
697017
104341
593890
262926
565787
359307
454195
498229
839730
896090
293128
62707
100
515069
17737
226486
316424
345171
850302
151233
246507
380113
186953
146683
507419
918934
157664
290927
986636
683475
15373
683653
787816
609263
946579
869955
484922
400775
