100
906138
350585
424111
691026
113887
278781
417493
572084
768032
674394
206899
324323
254453
426738
978823
796161
19294
740899
975080
276848
814346
624327
942988
650480
38982
735942
615061
292463
704936
343799
699142
611075
694384
639606
302101
324624
434739
235947
896708
202772
910341
619959
43447
681146
46697
538622
993660
65992
279522
485092
859192
93868
109419
802180
744348
664753
54474
875762
957216
759411
219561
172711
370486
430297
328669
188939
754921
763408
941238
167982
482532
367932
787941
42332
49078
350991
580954
42738
933335
860476
527830
792527
470697
153601
594707
731397
818355
165533
607159
291923
924944
343072
980986
811782
773370
309655
517074
44643
589416
458312
